{
  "camera_angle_x": 1.107620212076503,
  "camera_angle_y": 0.7785454921765721,
  "fl_x": 1421.5024266843154,
  "fl_y": 1423.6782871608195,
  "k1": 0,
  "k2": 0,
  "k3": 0,
  "k4": 0,
  "p1": 0,
  "p2": 0,
  "is_fisheye": false,
  "cx": 885.8100178871625,
  "cy": 570.8813181485732,
  "w": 1758.0,
  "h": 1168.0,
  "aabb_scale": 2,
  "frames": [
    {
      "file_path": "train/0001.JPG",
      "sharpness": 37.92563247700495,
      "transform_matrix": [
        [
          -0.8605954463049982,
          0.05631689750403177,
          0.5061658669470297,
          1.9873431233304393
        ],
        [
          0.4994274656449142,
          -0.10131538673490814,
          0.8604111801750728,
          3.2862456300771576
        ],
        [
          0.09973807880699094,
          0.9932590797338928,
          0.05906535507126878,
          0.19177918322451976
        ],
        [
          0.0,
          0.0,
          0.0,
          1.0
        ]
      ]
    },
    {
      "file_path": "train/0002.JPG",
      "sharpness": 37.01116766432706,
      "transform_matrix": [
        [
          -0.8237307694434388,
          0.062296219287645234,
          0.5635484012418118,
          2.27339261297843
        ],
        [
          0.5576079317069942,
          -0.09097455489641428,
          0.8251042509033965,
          3.3164768877502957
        ],
        [
          0.10266944031500597,
          0.9939028179009372,
          0.04020167411444852,
          0.15783856523969125
        ],
        [
          0.0,
          0.0,
          0.0,
          1.0
        ]
      ]
    },
    {
      "file_path": "train/0003.JPG",
      "sharpness": 35.33120057141796,
      "transform_matrix": [
        [
          -0.7503485966417024,
          0.04117756372924592,
          0.6597585859773016,
          2.5359805474986654
        ],
        [
          0.6551707301942843,
          -0.08640434176295574,
          0.7505235532754493,
          3.1672688727060754
        ],
        [
          0.08791073778912711,
          0.9954088094734748,
          0.03785504208947214,
          0.13658182416817377
        ],
        [
          0.0,
          0.0,
          0.0,
          1.0
        ]
      ]
    },
    {
      "file_path": "train/0004.JPG",
      "sharpness": 37.49516473408935,
      "transform_matrix": [
        [
          -0.7256968378425803,
          0.041429893101178755,
          0.6867660908275257,
          2.745547512785148
        ],
        [
          0.6824817988569009,
          -0.08298789124243662,
          0.7261760145696012,
          3.0463030589217976
        ],
        [
          0.08707866431084667,
          0.9956889945521787,
          0.03194890228371862,
          0.11941564618565459
        ],
        [
          0.0,
          0.0,
          0.0,
          1.0
        ]
      ]
    },
    {
      "file_path": "train/0005.JPG",
      "sharpness": 38.8541619484802,
      "transform_matrix": [
        [
          -0.6523697683088922,
          0.021290046907635016,
          0.7576017550843513,
          3.064149334384033
        ],
        [
          0.7543612860462252,
          -0.07825482960055508,
          0.6517785143427796,
          2.9888001382622913
        ],
        [
          0.07316239139295384,
          0.9967060326668219,
          0.03499069789033792,
          0.08114002476827067
        ],
        [
          0.0,
          0.0,
          0.0,
          1.0
        ]
      ]
    },
    {
      "file_path": "train/0006.JPG",
      "sharpness": 41.28240883893446,
      "transform_matrix": [
        [
          -0.5993650510928746,
          0.017398570166178188,
          0.8002867144294131,
          3.2609907430816443
        ],
        [
          0.7978846989601052,
          -0.06739151260312337,
          0.5990312105344873,
          2.7805613020349575
        ],
        [
          0.06435481874979697,
          0.9975748963325133,
          0.026510064475219784,
          0.07404194241508896
        ],
        [
          0.0,
          0.0,
          0.0,
          1.0
        ]
      ]
    },
    {
      "file_path": "train/0007.JPG",
      "sharpness": 36.758073487026614,
      "transform_matrix": [
        [
          -0.5527215615753758,
          -0.010335990182828573,
          0.8333018916840613,
          3.227365941692894
        ],
        [
          0.8324965784458065,
          -0.05251098202970135,
          0.5515360764649119,
          2.2462742955422303
        ],
        [
          0.038056829187720784,
          0.998566855088241,
          0.03762862844936728,
          0.09583571585246038
        ],
        [
          0.0,
          0.0,
          0.0,
          1.0
        ]
      ]
    },
    {
      "file_path": "train/0008.JPG",
      "sharpness": 40.656682004715854,
      "transform_matrix": [
        [
          -0.47659759059003365,
          -0.009485362537281215,
          0.8790703979482689,
          3.45820225912988
        ],
        [
          0.8789607656266,
          -0.02426609985789458,
          0.47627631568953294,
          1.9258708333800894
        ],
        [
          0.016813956536496023,
          0.99966053453302,
          0.019902426243304273,
          0.08933762854115047
        ],
        [
          0.0,
          0.0,
          0.0,
          1.0
        ]
      ]
    },
    {
      "file_path": "train/0009.JPG",
      "sharpness": 36.98178492275357,
      "transform_matrix": [
        [
          -0.41805985748852925,
          -0.00316100135844947,
          0.9084139825182673,
          3.5951580495865323
        ],
        [
          0.9083448747433879,
          -0.01427055365106722,
          0.4179783963626812,
          1.6914308089018781
        ],
        [
          0.011642340196201618,
          0.9998931739823643,
          0.00883722500865201,
          0.08964385280540917
        ],
        [
          0.0,
          0.0,
          0.0,
          1.0
        ]
      ]
    },
    {
      "file_path": "train/0010.JPG",
      "sharpness": 52.59666655448601,
      "transform_matrix": [
        [
          -0.3952970815569432,
          0.005408696409639167,
          0.9185374044225574,
          3.770550973329806
        ],
        [
          0.9183166226468854,
          -0.020373292086437737,
          0.3953220327024364,
          1.5639985116377302
        ],
        [
          0.020851807691548083,
          0.9997778128065906,
          0.0030866070836538073,
          0.0747466510583285
        ],
        [
          0.0,
          0.0,
          0.0,
          1.0
        ]
      ]
    },
    {
      "file_path": "train/0011.JPG",
      "sharpness": 50.806422060078276,
      "transform_matrix": [
        [
          -0.32444813726351734,
          0.013326059456508835,
          0.9458096121171595,
          3.855366436162254
        ],
        [
          0.9458639446250255,
          -0.004571994825899623,
          0.32453119283314846,
          1.1391429752944622
        ],
        [
          0.008648958624072056,
          0.9999007515800244,
          -0.011121263958999523,
          0.0904575832244342
        ],
        [
          0.0,
          0.0,
          0.0,
          1.0
        ]
      ]
    },
    {
      "file_path": "train/0012.JPG",
      "sharpness": 59.03634438488575,
      "transform_matrix": [
        [
          -0.2566303107787776,
          0.0003416483120063352,
          0.9665095792973989,
          3.9962856464353185
        ],
        [
          0.966509578818232,
          -0.0002641601314806498,
          0.25663040402889997,
          0.8802658143439671
        ],
        [
          0.0003429906418904811,
          0.9999999067517358,
          -0.00026241486950399993,
          0.07978708724505336
        ],
        [
          0.0,
          0.0,
          0.0,
          1.0
        ]
      ]
    },
    {
      "file_path": "train/0013.JPG",
      "sharpness": 57.66019882993438,
      "transform_matrix": [
        [
          -0.19403788637503205,
          0.005991961884487035,
          0.9809757362195567,
          4.0580066867592794
        ],
        [
          0.9809913356288283,
          0.0035314951691025323,
          0.1940194009965125,
          0.6738819266761146
        ],
        [
          -0.0023017542178440514,
          0.9999758121786095,
          -0.006563306550456286,
          0.08771247863764267
        ],
        [
          0.0,
          0.0,
          0.0,
          1.0
        ]
      ]
    },
    {
      "file_path": "train/0014.JPG",
      "sharpness": 51.90062741749394,
      "transform_matrix": [
        [
          -0.12260728809935213,
          0.02874853355060446,
          0.9920387969889227,
          4.106694363627288
        ],
        [
          0.9921352684242831,
          0.028931788531918235,
          0.12178078978651737,
          0.43052152095461566
        ],
        [
          -0.025200437568945265,
          0.9991678905162298,
          -0.03206968218279592,
          0.10023774219965458
        ],
        [
          0.0,
          0.0,
          0.0,
          1.0
        ]
      ]
    },
    {
      "file_path": "train/0015.JPG",
      "sharpness": 54.35696689548497,
      "transform_matrix": [
        [
          -0.07847488335972938,
          0.0009031795669388267,
          0.9969156819691238,
          4.1310279778133285
        ],
        [
          0.9965507043104489,
          0.027143181974507435,
          0.07842156215388049,
          0.2134924534532926
        ],
        [
          -0.026988635016383305,
          0.9996311479473753,
          -0.0030301222730131057,
          0.10744903398058248
        ],
        [
          0.0,
          0.0,
          0.0,
          1.0
        ]
      ]
    },
    {
      "file_path": "train/0016.JPG",
      "sharpness": 55.35003968728337,
      "transform_matrix": [
        [
          -0.03044267506786559,
          -0.04055854675900835,
          0.9987132961101131,
          4.018837256766
        ],
        [
          0.9990309641634553,
          0.03054030452048954,
          0.03169262441705358,
          -0.017573990694552784
        ],
        [
          -0.03178641498119945,
          0.9987103154029249,
          0.03958951550672975,
          0.12295445025038172
        ],
        [
          0.0,
          0.0,
          0.0,
          1.0
        ]
      ]
    },
    {
      "file_path": "train/0017.JPG",
      "sharpness": 69.0625220471754,
      "transform_matrix": [
        [
          -0.005580301985485864,
          -0.033760333692756404,
          0.9994143785769352,
          4.038145809945877
        ],
        [
          0.999700473201782,
          0.023627504715753454,
          0.006380039266947068,
          -0.2736342563729933
        ],
        [
          -0.02382906019744336,
          0.9991506297338156,
          0.033618372956621234,
          0.13369802659488483
        ],
        [
          0.0,
          0.0,
          0.0,
          1.0
        ]
      ]
    },
    {
      "file_path": "train/0018.JPG",
      "sharpness": 68.07773920215419,
      "transform_matrix": [
        [
          0.1196706142392599,
          -0.033654960781526216,
          0.9922430587865096,
          4.040425040815403
        ],
        [
          0.9909315449549408,
          0.06555922183414643,
          -0.11728879590874389,
          -0.38299851524544387
        ],
        [
          -0.061103332977955574,
          0.9972809694639148,
          0.04119527462857589,
          0.14858870648088635
        ],
        [
          0.0,
          0.0,
          0.0,
          1.0
        ]
      ]
    },
    {
      "file_path": "train/0019.JPG",
      "sharpness": 68.56539053651599,
      "transform_matrix": [
        [
          0.2518025953543135,
          -0.030705094711218527,
          0.9672913987724813,
          3.9510867692310048
        ],
        [
          0.9660144238716347,
          0.06829754659226654,
          -0.2493021821032431,
          -0.9392659069083144
        ],
        [
          -0.05840878226276869,
          0.9971923797822765,
          0.04685906386564659,
          0.17411072116801263
        ],
        [
          0.0,
          0.0,
          0.0,
          1.0
        ]
      ]
    },
    {
      "file_path": "train/0020.JPG",
      "sharpness": 64.69457446083123,
      "transform_matrix": [
        [
          0.2468948992391049,
          -0.016105505201044007,
          0.9689084174675892,
          4.0019076011864065
        ],
        [
          0.9665798176266273,
          0.07532756276694498,
          -0.2450494122508267,
          -0.6911633341053465
        ],
        [
          -0.0690388650486927,
          0.9970287713989963,
          0.034165247299282026,
          0.16601650327163686
        ],
        [
          0.0,
          0.0,
          0.0,
          1.0
        ]
      ]
    },
    {
      "file_path": "train/0021.JPG",
      "sharpness": 66.30576617778608,
      "transform_matrix": [
        [
          0.31924185794562177,
          -0.008148944920979425,
          0.9476382383798784,
          4.008956180110058
        ],
        [
          0.9453137454351757,
          0.07325821757759982,
          -0.31782881595078943,
          -1.0346234079266987
        ],
        [
          -0.06683231873660343,
          0.9972797141532616,
          0.031090399133853565,
          0.17369463438013275
        ],
        [
          0.0,
          0.0,
          0.0,
          1.0
        ]
      ]
    },
    {
      "file_path": "train/0022.JPG",
      "sharpness": 53.3680704390934,
      "transform_matrix": [
        [
          0.31404422783684344,
          -0.013336528922720818,
          0.9493146791060754,
          3.9314610907411316
        ],
        [
          0.9465600728781891,
          0.08179288363061984,
          -0.31198389801435755,
          -1.262864129148252
        ],
        [
          -0.0734864027976708,
          0.9965601141884289,
          0.03831040877135947,
          0.1964943363920991
        ],
        [
          0.0,
          0.0,
          0.0,
          1.0
        ]
      ]
    },
    {
      "file_path": "train/0023.JPG",
      "sharpness": 61.66011403516511,
      "transform_matrix": [
        [
          0.375368494303213,
          -0.02644489894629801,
          0.9264983328705324,
          3.5767794659724017
        ],
        [
          0.9243031950681304,
          0.08510190850254416,
          -0.37205008904188974,
          -1.259169142284912
        ],
        [
          -0.06900794934403379,
          0.9960212510265596,
          0.05638767984624686,
          0.09239312316480068
        ],
        [
          0.0,
          0.0,
          0.0,
          1.0
        ]
      ]
    },
    {
      "file_path": "train/0024.JPG",
      "sharpness": 54.76533146482241,
      "transform_matrix": [
        [
          0.2316478646532128,
          -0.018732329927277563,
          0.9726193328454453,
          3.6887030872894164
        ],
        [
          0.9709644080754515,
          0.06583845905578611,
          -0.229985685554243,
          -0.8703172605113217
        ],
        [
          -0.05972759038205765,
          0.9976544477584641,
          0.03343976409204394,
          0.06571370705755884
        ],
        [
          0.0,
          0.0,
          0.0,
          1.0
        ]
      ]
    },
    {
      "file_path": "train/0025.JPG",
      "sharpness": 65.9631926672971,
      "transform_matrix": [
        [
          0.06200556835753784,
          -0.0073947198989320635,
          0.9980484094561204,
          3.807720422718002
        ],
        [
          0.9975046426603745,
          0.03428417940384826,
          -0.061717768216381176,
          -0.3762642575920549
        ],
        [
          -0.03376088511477168,
          0.999384767328298,
          0.00950207745996517,
          0.033563170349985356
        ],
        [
          0.0,
          0.0,
          0.0,
          1.0
        ]
      ]
    },
    {
      "file_path": "train/0026.JPG",
      "sharpness": 65.42763764947406,
      "transform_matrix": [
        [
          -0.05143067104738052,
          -0.005593530096680272,
          0.9986609026613039,
          3.8794539105277246
        ],
        [
          0.9984670828920722,
          0.020192890544983053,
          0.051533790394674796,
          0.0682269388372561
        ],
        [
          -0.020454106106562314,
          0.9997804557002088,
          0.004546421767586559,
          0.0051690624198350394
        ],
        [
          0.0,
          0.0,
          0.0,
          1.0
        ]
      ]
    },
    {
      "file_path": "train/0027.JPG",
      "sharpness": 61.53933670112497,
      "transform_matrix": [
        [
          -0.20773171636106075,
          0.007941401079051634,
          0.9781536015239151,
          3.8439943821402105
        ],
        [
          0.9781858330883338,
          0.0017885082550931598,
          0.20772404093775787,
          0.7247597601686896
        ],
        [
          -9.98158682265416e-05,
          0.9999668671484807,
          -0.008139695919957158,
          -0.030351821437395503
        ],
        [
          0.0,
          0.0,
          0.0,
          1.0
        ]
      ]
    },
    {
      "file_path": "train/0028.JPG",
      "sharpness": 55.42196835088641,
      "transform_matrix": [
        [
          -0.3839779059073342,
          0.019417089138915596,
          0.923138096078808,
          3.673131075441388
        ],
        [
          0.923240762207417,
          -0.0067513028396361755,
          0.3841626151887283,
          1.3555696858203492
        ],
        [
          0.013691704592391666,
          0.9997886759545555,
          -0.015334297049952072,
          -0.03419984509366584
        ],
        [
          0.0,
          0.0,
          0.0,
          1.0
        ]
      ]
    },
    {
      "file_path": "train/0029.JPG",
      "sharpness": 51.16223711838509,
      "transform_matrix": [
        [
          -0.5396501862834543,
          0.038188871108865326,
          0.8410227622218558,
          3.2824544417949193
        ],
        [
          0.8409712261372193,
          -0.02218914240547645,
          0.540624674583559,
          1.7986482027604738
        ],
        [
          0.039307419853131714,
          0.9990241499034748,
          -0.020141366928633258,
          -0.009163404907396665
        ],
        [
          0.0,
          0.0,
          0.0,
          1.0
        ]
      ]
    },
    {
      "file_path": "train/0030.JPG",
      "sharpness": 45.686640800657734,
      "transform_matrix": [
        [
          -0.6509521458683184,
          0.05682805199064092,
          0.7569886896803659,
          2.949915782964155
        ],
        [
          0.7568115359582394,
          -0.029105692543769546,
          0.6529848066395463,
          2.689169480723396
        ],
        [
          0.05914053460175848,
          0.9979596340414343,
          -0.024061712294201325,
          -0.009722450592638545
        ],
        [
          0.0,
          0.0,
          0.0,
          1.0
        ]
      ]
    }
  ]
}