{
  "camera_angle_x": 1.1122100168499174,
  "camera_angle_y": 0.7830846612383037,
  "fl_x": 1415.8454914869385,
  "fl_y": 1415.7376016014691,
  "k1": 0,
  "k2": 0,
  "k3": 0,
  "k4": 0,
  "p1": 0,
  "p2": 0,
  "is_fisheye": false,
  "cx": 892.5933756973071,
  "cy": 568.771633501136,
  "w": 1760.0,
  "h": 1169.0,
  "aabb_scale": 2,
  "frames": [
    {
      "file_path": "train/0001.JPG",
      "sharpness": 122.13367270084167,
      "transform_matrix": [
        [
          -0.559143997055535,
          0.013890276263152463,
          0.8289541910053712,
          3.222008430008074
        ],
        [
          0.824141907116268,
          -0.0995496755204072,
          0.5575661207772066,
          2.185947732439446
        ],
        [
          0.09026686818843598,
          0.9949356372813061,
          0.044215044706175724,
          0.22898627886896014
        ],
        [
          0.0,
          0.0,
          0.0,
          1.0
        ]
      ]
    },
    {
      "file_path": "train/0002.JPG",
      "sharpness": 129.8672548897072,
      "transform_matrix": [
        [
          -0.4859244055540977,
          0.0010286828196021242,
          0.8740002367859118,
          3.489788292366976
        ],
        [
          0.8707086487482611,
          -0.08614480137516925,
          0.48419574780352037,
          1.9233975129280576
        ],
        [
          0.07578866064686313,
          0.9962820961007687,
          0.04096417837195861,
          0.19181648426183087
        ],
        [
          0.0,
          0.0,
          0.0,
          1.0
        ]
      ]
    },
    {
      "file_path": "train/0003.JPG",
      "sharpness": 122.57006492343653,
      "transform_matrix": [
        [
          -0.39264416590339746,
          -0.0016999984270973968,
          0.9196888979381286,
          3.7423656675836203
        ],
        [
          0.9162031889747858,
          -0.08772413116667588,
          0.39099385330652564,
          1.6818886231193217
        ],
        [
          0.08001422057963412,
          0.996143356560516,
          0.036001912291698426,
          0.15225886426367766
        ],
        [
          0.0,
          0.0,
          0.0,
          1.0
        ]
      ]
    },
    {
      "file_path": "train/0004.JPG",
      "sharpness": 113.62946221748737,
      "transform_matrix": [
        [
          -0.2740583069325029,
          -0.004528335951961936,
          0.9617024168515292,
          4.033373521385709
        ],
        [
          0.9601364745097849,
          -0.058524493896968566,
          0.2733364848131784,
          1.2511337418611947
        ],
        [
          0.055045387794564846,
          0.9982757022941484,
          0.02038694422779744,
          0.11746913652241651
        ],
        [
          0.0,
          0.0,
          0.0,
          1.0
        ]
      ]
    },
    {
      "file_path": "train/0005.JPG",
      "sharpness": 101.7272481717244,
      "transform_matrix": [
        [
          -0.18796270532189466,
          -0.015750349593775453,
          0.982049870372694,
          4.146454668936136
        ],
        [
          0.9813706337398155,
          -0.04349885280656223,
          0.1871350556085788,
          0.8412960160019837
        ],
        [
          0.039770600212959625,
          0.9989293149645059,
          0.023633092614387393,
          0.09857050124223231
        ],
        [
          0.0,
          0.0,
          0.0,
          1.0
        ]
      ]
    },
    {
      "file_path": "train/0006.JPG",
      "sharpness": 104.24991148494091,
      "transform_matrix": [
        [
          -0.1092095758887332,
          -0.0031996727842813974,
          0.994013596804165,
          4.207262861187982
        ],
        [
          0.9932984933245814,
          -0.038412212067358814,
          0.10900736270183227,
          0.48854916216046407
        ],
        [
          0.03783347318655634,
          0.9992568558991415,
          0.0073732115445827116,
          0.09584222774699407
        ],
        [
          0.0,
          0.0,
          0.0,
          1.0
        ]
      ]
    },
    {
      "file_path": "train/0007.JPG",
      "sharpness": 119.7179382860326,
      "transform_matrix": [
        [
          -0.019020222758585968,
          0.009354561102891915,
          0.9997753364211694,
          4.049663011573748
        ],
        [
          0.9998010579227178,
          0.006185083867840431,
          0.018962840350594957,
          0.1138786667803992
        ],
        [
          -0.006006305256019287,
          0.9999371164865299,
          -0.009470341760020918,
          0.12908715580855243
        ],
        [
          0.0,
          0.0,
          0.0,
          1.0
        ]
      ]
    },
    {
      "file_path": "train/0008.JPG",
      "sharpness": 88.10217358009355,
      "transform_matrix": [
        [
          0.057010948161839145,
          0.002879243889201953,
          0.9983694014479766,
          4.01518783061709
        ],
        [
          0.9983731581809171,
          0.0007251791809728829,
          -0.057013254064447697,
          -0.18582071976876233
        ],
        [
          -0.0008881517682190127,
          0.999995592026814,
          -0.002833216662141188,
          0.1381163737555825
        ],
        [
          0.0,
          0.0,
          0.0,
          1.0
        ]
      ]
    },
    {
      "file_path": "train/0009.JPG",
      "sharpness": 135.13048672695166,
      "transform_matrix": [
        [
          0.12924779423499516,
          -0.009612075607739856,
          0.9915657394702458,
          4.064617186420469
        ],
        [
          0.9915798880658996,
          0.00934107421515499,
          -0.12915908762346376,
          -0.5309190072109282
        ],
        [
          -0.008020802245933177,
          0.9999101721346246,
          0.010738454093297805,
          0.11573615549746263
        ],
        [
          0.0,
          0.0,
          0.0,
          1.0
        ]
      ]
    },
    {
      "file_path": "train/0010.JPG",
      "sharpness": 86.70117246303357,
      "transform_matrix": [
        [
          0.21732399994192442,
          0.007429139243164886,
          0.9760712509559046,
          4.008507260493115
        ],
        [
          0.9760533637980799,
          0.008070799393065795,
          -0.2173814463463018,
          -0.8867226158147085
        ],
        [
          -0.009492632293591142,
          0.9999398332352497,
          -0.005497257941585501,
          0.13683585745068527
        ],
        [
          0.0,
          0.0,
          0.0,
          1.0
        ]
      ]
    },
    {
      "file_path": "train/0011.JPG",
      "sharpness": 73.27217845048033,
      "transform_matrix": [
        [
          0.3196993927555626,
          0.010300816268155122,
          0.9474630290724859,
          3.906252639726946
        ],
        [
          0.9466886349995844,
          0.03838183286529349,
          -0.3198553786768706,
          -1.1704873501113426
        ],
        [
          -0.0396601391160365,
          0.9992100520377996,
          0.002518982967598522,
          0.15415326022486378
        ],
        [
          0.0,
          0.0,
          0.0,
          1.0
        ]
      ]
    },
    {
      "file_path": "train/0012.JPG",
      "sharpness": 64.1183921236688,
      "transform_matrix": [
        [
          0.3751477021616219,
          0.004273811700178196,
          0.926955196382049,
          3.5633125468986
        ],
        [
          0.92559644378012,
          0.05259262318053986,
          -0.37484028498626637,
          -1.412885894751782
        ],
        [
          -0.05035300214423687,
          0.9986069049049324,
          0.01577417682576077,
          0.19532802173883307
        ],
        [
          0.0,
          0.0,
          0.0,
          1.0
        ]
      ]
    },
    {
      "file_path": "train/0013.JPG",
      "sharpness": 67.2844739465688,
      "transform_matrix": [
        [
          0.4539615900454676,
          -0.0209974496025295,
          0.8907738107268626,
          3.3754986112024747
        ],
        [
          0.8873576514474397,
          0.10121831420646904,
          -0.4498346932895289,
          -1.7570521719058572
        ],
        [
          -0.08071724215922915,
          0.9946426292808048,
          0.06458147442457697,
          0.2211941732568612
        ],
        [
          0.0,
          0.0,
          0.0,
          1.0
        ]
      ]
    },
    {
      "file_path": "train/0014.JPG",
      "sharpness": 74.13717182667162,
      "transform_matrix": [
        [
          0.5236142221572688,
          -0.021329005348680038,
          0.8516884523631574,
          3.3119038235457086
        ],
        [
          0.8501852382486366,
          0.07749283510129025,
          -0.5207493842263028,
          -1.9800223525000082
        ],
        [
          -0.054892686395166625,
          0.996764733546516,
          0.05870995606829758,
          0.23914778904786538
        ],
        [
          0.0,
          0.0,
          0.0,
          1.0
        ]
      ]
    },
    {
      "file_path": "train/0015.JPG",
      "sharpness": 58.28879447292055,
      "transform_matrix": [
        [
          0.5738374412865362,
          -0.08675675184783051,
          0.8143610114622452,
          3.0612360578287188
        ],
        [
          0.8175553490858782,
          0.1190888130523408,
          -0.5634013718361474,
          -2.0873885602030766
        ],
        [
          -0.048102413244026594,
          0.9890860026397239,
          0.1392660663103159,
          0.29447331581857805
        ],
        [
          0.0,
          0.0,
          0.0,
          1.0
        ]
      ]
    },
    {
      "file_path": "train/0016.JPG",
      "sharpness": 43.22434360143236,
      "transform_matrix": [
        [
          0.5403589411878433,
          -0.02804629320711349,
          0.8409670743370218,
          3.067775773134789
        ],
        [
          0.838653669827012,
          0.0991411063762539,
          -0.5355661146041426,
          -1.9771503002881543
        ],
        [
          -0.06835376189379139,
          0.9946780617200105,
          0.07709290999285402,
          0.14224715911782287
        ],
        [
          0.0,
          0.0,
          0.0,
          1.0
        ]
      ]
    },
    {
      "file_path": "train/0017.JPG",
      "sharpness": 63.229954888052006,
      "transform_matrix": [
        [
          0.4298107754647118,
          -0.04013716984558023,
          0.9020264435671974,
          3.288305120300365
        ],
        [
          0.9017883099847124,
          0.06906210130108628,
          -0.42662427279609283,
          -1.613568889777854
        ],
        [
          -0.04517235072443246,
          0.9968046116285412,
          0.06587886587805752,
          0.10405102628487947
        ],
        [
          0.0,
          0.0,
          0.0,
          1.0
        ]
      ]
    },
    {
      "file_path": "train/0018.JPG",
      "sharpness": 51.64611560575917,
      "transform_matrix": [
        [
          0.34334033686239934,
          -0.04233322204736495,
          0.9382565275006505,
          3.507393928306756
        ],
        [
          0.9386053434844486,
          0.051337496737501216,
          -0.3411516827031156,
          -1.262035955216519
        ],
        [
          -0.033725691483800675,
          0.9977837239317363,
          0.057360421844096406,
          0.057357038271097664
        ],
        [
          0.0,
          0.0,
          0.0,
          1.0
        ]
      ]
    },
    {
      "file_path": "train/0019.JPG",
      "sharpness": 75.52593633466265,
      "transform_matrix": [
        [
          0.19761574035250207,
          0.01478086277224149,
          0.9801681209179969,
          3.7391455390105612
        ],
        [
          0.9800301007911386,
          0.01957718143212815,
          -0.19788313599315216,
          -0.8063921031447758
        ],
        [
          -0.02211381261525533,
          0.9996990847580871,
          -0.01061693122973456,
          0.027312466698592115
        ],
        [
          0.0,
          0.0,
          0.0,
          1.0
        ]
      ]
    },
    {
      "file_path": "train/0020.JPG",
      "sharpness": 126.34354792304862,
      "transform_matrix": [
        [
          0.12370243585648764,
          0.019591808166385817,
          0.9921259337499547,
          3.9244456814195896
        ],
        [
          0.9922635435618534,
          0.008161831684769203,
          -0.12388076776329507,
          -0.5217665978186412
        ],
        [
          -0.010524613118884682,
          0.9997747474104342,
          -0.018430598535505445,
          0.002134317441840024
        ],
        [
          0.0,
          0.0,
          0.0,
          1.0
        ]
      ]
    },
    {
      "file_path": "train/0021.JPG",
      "sharpness": 97.04210311967582,
      "transform_matrix": [
        [
          0.03016671199239268,
          0.027560778579413935,
          0.9991648377394697,
          4.061370348780001
        ],
        [
          0.9995447799134909,
          -0.0003818347705399152,
          -0.030167650718929136,
          -0.17225921924291754
        ],
        [
          -0.00044992806517570174,
          0.9996200566663219,
          -0.027559751058956323,
          -0.021760272191393627
        ],
        [
          0.0,
          0.0,
          0.0,
          1.0
        ]
      ]
    },
    {
      "file_path": "train/0022.JPG",
      "sharpness": 115.29091462285017,
      "transform_matrix": [
        [
          -0.01938286249689953,
          0.036380372976869114,
          0.9991500253249092,
          4.1240428141237
        ],
        [
          0.9996850119306352,
          -0.015230309657965466,
          0.019947796594327112,
          0.025016689542023487
        ],
        [
          0.01594307256063074,
          0.9992219503859302,
          -0.03607370659553682,
          -0.032078214638814335
        ],
        [
          0.0,
          0.0,
          0.0,
          1.0
        ]
      ]
    },
    {
      "file_path": "train/0023.JPG",
      "sharpness": 110.71535371825678,
      "transform_matrix": [
        [
          -0.08338051180325079,
          0.032865050806199274,
          0.9959756918169291,
          4.209096491148516
        ],
        [
          0.9964417237837583,
          -0.009598468877052723,
          0.08373625557707304,
          0.3092793711847779
        ],
        [
          0.012311837974067237,
          0.999413707047286,
          -0.031947782630073786,
          -0.04508967113718306
        ],
        [
          0.0,
          0.0,
          0.0,
          1.0
        ]
      ]
    },
    {
      "file_path": "train/0024.JPG",
      "sharpness": 110.32229092279327,
      "transform_matrix": [
        [
          -0.15970263259036982,
          0.024848087653393053,
          0.9868523910326967,
          4.021653578941508
        ],
        [
          0.9867218670267716,
          -0.02593785556447673,
          0.16033460256575507,
          0.6582699470704024
        ],
        [
          0.029580843040490405,
          0.999354691884698,
          -0.02037580762400517,
          -0.015558985359441141
        ],
        [
          0.0,
          0.0,
          0.0,
          1.0
        ]
      ]
    },
    {
      "file_path": "train/0025.JPG",
      "sharpness": 125.69688998414806,
      "transform_matrix": [
        [
          -0.293192745340455,
          0.022265404241204382,
          0.9557940499171247,
          4.069335418622961
        ],
        [
          0.9549206335002216,
          -0.04183061415701127,
          0.29389927430121837,
          1.230535216156348
        ],
        [
          0.04652523826416365,
          0.9988765947285447,
          -0.008997261319177977,
          -0.026263309634661745
        ],
        [
          0.0,
          0.0,
          0.0,
          1.0
        ]
      ]
    },
    {
      "file_path": "train/0026.JPG",
      "sharpness": 87.48265124337215,
      "transform_matrix": [
        [
          -0.33694628521275255,
          0.044199052068742146,
          0.9404858556516559,
          4.002896817591048
        ],
        [
          0.9394252052603433,
          -0.05087521817458337,
          0.3389572183878821,
          1.5001575728373369
        ],
        [
          0.06282901084098974,
          0.9977264935718512,
          -0.02437948778867653,
          -0.01718523791007581
        ],
        [
          0.0,
          0.0,
          0.0,
          1.0
        ]
      ]
    },
    {
      "file_path": "train/0027.JPG",
      "sharpness": 128.054880243234,
      "transform_matrix": [
        [
          -0.4220467897667776,
          0.03302562854984439,
          0.9059723037211025,
          3.820718317053047
        ],
        [
          0.9044703943455945,
          -0.052700268422523414,
          0.42326822165208555,
          1.8521130911574921
        ],
        [
          0.06172368265470899,
          0.9980641209713678,
          -0.007628724170415382,
          0.011033051598476508
        ],
        [
          0.0,
          0.0,
          0.0,
          1.0
        ]
      ]
    },
    {
      "file_path": "train/0028.JPG",
      "sharpness": 101.06449067369076,
      "transform_matrix": [
        [
          -0.48764332711370484,
          0.038562822885368525,
          0.872190858823838,
          3.6511364366012597
        ],
        [
          0.8688082661298198,
          -0.07684294319943025,
          0.4891496282171186,
          2.1052350575078123
        ],
        [
          0.08588470310104308,
          0.9962971799492447,
          0.003968249198871231,
          0.03437518660475971
        ],
        [
          0.0,
          0.0,
          0.0,
          1.0
        ]
      ]
    },
    {
      "file_path": "train/0029.JPG",
      "sharpness": 94.4874582959475,
      "transform_matrix": [
        [
          -0.5378891256578198,
          0.023513285251700097,
          0.8426876134837955,
          3.4614261377445543
        ],
        [
          0.838498723614457,
          -0.08841668361972314,
          0.5376824160734816,
          2.277595930568373
        ],
        [
          0.08715032413561534,
          0.9958060129752244,
          0.027842512974243772,
          0.0597468565933173
        ],
        [
          0.0,
          0.0,
          0.0,
          1.0
        ]
      ]
    },
    {
      "file_path": "train/0030.JPG",
      "sharpness": 132.12022762568805,
      "transform_matrix": [
        [
          -0.1466353565045549,
          0.028463243812584364,
          0.9887810252921139,
          3.800034107594287
        ],
        [
          0.988161857561192,
          -0.041361315910422795,
          0.14773416939683517,
          0.5078306354810422
        ],
        [
          0.04510227803633063,
          0.9987387472713245,
          -0.022061260574038115,
          0.013713237378955096
        ],
        [
          0.0,
          0.0,
          0.0,
          1.0
        ]
      ]
    }
  ]
}