{
  "camera_angle_x": 1.1042811021678696,
  "camera_angle_y": 0.7762476049090419,
  "fl_x": 1426.8223525064725,
  "fl_y": 1428.349938876438,
  "k1": 0,
  "k2": 0,
  "k3": 0,
  "k4": 0,
  "p1": 0,
  "p2": 0,
  "is_fisheye": false,
  "cx": 887.1328392899779,
  "cy": 573.665298449538,
  "w": 1758.0,
  "h": 1168.0,
  "aabb_scale": 2,
  "frames": [
    {
      "file_path": "train/0001.JPG",
      "sharpness": 26.534612891837593,
      "transform_matrix": [
        [
          -0.18785661131893563,
          -0.0055316310531317355,
          0.9821808869303604,
          4.151193521338156
        ],
        [
          0.9781911987723849,
          -0.0912692161240013,
          0.18657949735266519,
          0.933604517584958
        ],
        [
          0.08861079070067662,
          0.9958108913119954,
          0.022556518469819885,
          0.11894600756018255
        ],
        [
          0.0,
          0.0,
          0.0,
          1.0
        ]
      ]
    },
    {
      "file_path": "train/0002.JPG",
      "sharpness": 35.60742778166251,
      "transform_matrix": [
        [
          -0.1093192111480222,
          -0.02491910791868673,
          0.9936942931023411,
          4.372325323116223
        ],
        [
          0.9909339532438409,
          -0.0812757230417233,
          0.1069773674783438,
          0.5805600236242091
        ],
        [
          0.07809744158927708,
          0.9963800956031715,
          0.033578188049580425,
          0.08099081936876323
        ],
        [
          0.0,
          0.0,
          0.0,
          1.0
        ]
      ]
    },
    {
      "file_path": "train/0003.JPG",
      "sharpness": 41.5845166808816,
      "transform_matrix": [
        [
          -0.03726285817060441,
          0.013853846040291383,
          0.9992094627056434,
          4.551108477739892
        ],
        [
          0.9968584505793093,
          -0.06941721649221609,
          0.038137639716028626,
          0.26882035344061067
        ],
        [
          0.06989069258267451,
          0.9974915142566317,
          -0.011223639605541598,
          0.022441872029441506
        ],
        [
          0.0,
          0.0,
          0.0,
          1.0
        ]
      ]
    },
    {
      "file_path": "train/0004.JPG",
      "sharpness": 43.006559894282645,
      "transform_matrix": [
        [
          0.03766736938150578,
          0.01639931730057261,
          0.9991557594717669,
          4.620585582149008
        ],
        [
          0.9976668109306319,
          -0.057589390449738063,
          -0.03666601253407078,
          -0.013954849221351946
        ],
        [
          0.05693947357863115,
          0.9982056524130388,
          -0.018530295435227908,
          0.0029886435938860497
        ],
        [
          0.0,
          0.0,
          0.0,
          1.0
        ]
      ]
    },
    {
      "file_path": "train/0005.JPG",
      "sharpness": 46.01002396099588,
      "transform_matrix": [
        [
          0.11209395813261491,
          0.012251453915081716,
          0.9936220843141425,
          4.6099347045578325
        ],
        [
          0.9925311396495692,
          -0.049815997058470646,
          -0.11135664893941448,
          -0.30780865871113944
        ],
        [
          0.048133993976805636,
          0.9986832672692991,
          -0.01774402180530699,
          -0.006324919153091485
        ],
        [
          0.0,
          0.0,
          0.0,
          1.0
        ]
      ]
    },
    {
      "file_path": "train/0006.JPG",
      "sharpness": 45.823432213281684,
      "transform_matrix": [
        [
          0.173226522663822,
          0.010148237642642865,
          0.9848297239260194,
          4.577263266813775
        ],
        [
          0.9838364539365805,
          -0.04784664899391973,
          -0.17255877284440138,
          -0.6261991839043414
        ],
        [
          0.04536963468531931,
          0.9988031394936886,
          -0.018272514762376676,
          -0.017596628423249154
        ],
        [
          0.0,
          0.0,
          0.0,
          1.0
        ]
      ]
    },
    {
      "file_path": "train/0007.JPG",
      "sharpness": 37.24993943998384,
      "transform_matrix": [
        [
          0.20012131341389064,
          0.013400271175121286,
          0.9796794846579077,
          4.545712608446881
        ],
        [
          0.978912727623217,
          -0.04458136991690119,
          -0.19935489247476176,
          -0.8199253865419803
        ],
        [
          0.04100404388628434,
          0.9989158794405143,
          -0.02203937830848957,
          -0.02321986751014458
        ],
        [
          0.0,
          0.0,
          0.0,
          1.0
        ]
      ]
    },
    {
      "file_path": "train/0008.JPG",
      "sharpness": 35.17990608624689,
      "transform_matrix": [
        [
          0.20977052310080674,
          0.009576237297814805,
          0.9777037502878265,
          4.339485666535092
        ],
        [
          0.9770016564223173,
          -0.04118522473521467,
          -0.20921649220741703,
          -1.0158154090947202
        ],
        [
          0.03826344190407169,
          0.9991056365331842,
          -0.01799544583898857,
          0.0052569368492716585
        ],
        [
          0.0,
          0.0,
          0.0,
          1.0
        ]
      ]
    },
    {
      "file_path": "train/0009.JPG",
      "sharpness": 41.74091384950504,
      "transform_matrix": [
        [
          0.3147660528409141,
          -0.002340529000984728,
          0.9491663994856737,
          4.1396578258392305
        ],
        [
          0.9485943629491286,
          -0.03402440842731229,
          -0.31466025203753717,
          -1.273089741045256
        ],
        [
          0.033031296686933026,
          0.9994182615726134,
          -0.008489516124259197,
          0.019826640099338773
        ],
        [
          0.0,
          0.0,
          0.0,
          1.0
        ]
      ]
    },
    {
      "file_path": "train/0010.JPG",
      "sharpness": 53.34599161144632,
      "transform_matrix": [
        [
          0.39897296368204516,
          0.01251910274257357,
          0.9168772253289627,
          4.094289471599226
        ],
        [
          0.9169571978955738,
          -0.0019864384663987127,
          -0.39898064024427904,
          -1.4821624499447383
        ],
        [
          -0.0031735594381575574,
          0.9999196598419341,
          -0.012272016613108212,
          0.020850168971988103
        ],
        [
          0.0,
          0.0,
          0.0,
          1.0
        ]
      ]
    },
    {
      "file_path": "train/0011.JPG",
      "sharpness": 36.66003945773416,
      "transform_matrix": [
        [
          0.4931040494905168,
          0.014324286270894123,
          0.8698524077155472,
          3.996517553774519
        ],
        [
          0.8698039623045213,
          0.011436377081670944,
          -0.4932649150695991,
          -1.6883865129788722
        ],
        [
          -0.017013627990879635,
          0.9998319979435262,
          -0.006819997105135526,
          0.021578728088770253
        ],
        [
          0.0,
          0.0,
          0.0,
          1.0
        ]
      ]
    },
    {
      "file_path": "train/0012.JPG",
      "sharpness": 54.18158189883836,
      "transform_matrix": [
        [
          0.5416260677361958,
          -0.013677092238796028,
          0.8405082628422925,
          3.6294674976196415
        ],
        [
          0.8400639202991285,
          0.04515392954713384,
          -0.5406049689543467,
          -1.8960218176296892
        ],
        [
          -0.030558346859024664,
          0.9988864098604976,
          0.03594617702786705,
          0.05803906434050991
        ],
        [
          0.0,
          0.0,
          0.0,
          1.0
        ]
      ]
    },
    {
      "file_path": "train/0013.JPG",
      "sharpness": 42.20658675133673,
      "transform_matrix": [
        [
          0.6085059541746334,
          0.0011727164583847454,
          0.7935484411677576,
          3.346829025888936
        ],
        [
          0.792270458663906,
          0.055851707835570655,
          -0.6076085146377992,
          -2.0715219961593445
        ],
        [
          -0.04503358819484462,
          0.9984383864203126,
          0.03305698816239953,
          0.09329692007291487
        ],
        [
          0.0,
          0.0,
          0.0,
          1.0
        ]
      ]
    },
    {
      "file_path": "train/0014.JPG",
      "sharpness": 56.42397026664673,
      "transform_matrix": [
        [
          0.6568986349671405,
          0.024894115042163135,
          0.7535678247007537,
          3.1115844353506037
        ],
        [
          0.7521613509770535,
          0.047718801464680514,
          -0.6572489772401067,
          -2.2652291903299178
        ],
        [
          -0.05232098506782573,
          0.9985505490623336,
          0.012622024342924974,
          0.11617833219603856
        ],
        [
          0.0,
          0.0,
          0.0,
          1.0
        ]
      ]
    },
    {
      "file_path": "train/0015.JPG",
      "sharpness": 52.45401135853714,
      "transform_matrix": [
        [
          0.7065911826454406,
          0.030847066372682003,
          0.7069493327768035,
          2.8052426416273506
        ],
        [
          0.7048202480549752,
          0.05813478990567699,
          -0.7069998331925997,
          -2.411697813337129
        ],
        [
          -0.06290722171490527,
          0.9978320523557342,
          0.019335892979734478,
          0.15527333007823244
        ],
        [
          0.0,
          0.0,
          0.0,
          1.0
        ]
      ]
    },
    {
      "file_path": "train/0016.JPG",
      "sharpness": 35.35985860380061,
      "transform_matrix": [
        [
          0.7382230679372118,
          0.032633214702105014,
          0.6737668552795008,
          2.5206138393402897
        ],
        [
          0.6705645221903477,
          0.07300489964210265,
          -0.7382503005132443,
          -2.493601425515806
        ],
        [
          -0.07327976221239738,
          0.9967975511286475,
          0.03201122496398919,
          0.19633302258613625
        ],
        [
          0.0,
          0.0,
          0.0,
          1.0
        ]
      ]
    },
    {
      "file_path": "train/0017.JPG",
      "sharpness": 31.695740239653123,
      "transform_matrix": [
        [
          0.7808861349066747,
          0.03722011656465109,
          0.623563555095292,
          2.2116516172471425
        ],
        [
          0.6191199227593362,
          0.08669589762144468,
          -0.780496215607804,
          -2.679993622845376
        ],
        [
          -0.08311056225619709,
          0.9955392931813991,
          0.04465590871327441,
          0.23411269690135833
        ],
        [
          0.0,
          0.0,
          0.0,
          1.0
        ]
      ]
    },
    {
      "file_path": "train/0018.JPG",
      "sharpness": 45.28929962964108,
      "transform_matrix": [
        [
          0.8152175636373454,
          0.05225154153821723,
          0.5767929440914833,
          1.9092392811557513
        ],
        [
          0.5718481008693131,
          0.08507826460266603,
          -0.8159359278916307,
          -2.8963084650502475
        ],
        [
          -0.09170645274711943,
          0.9950032488935272,
          0.03947735079175524,
          0.27647121815149467
        ],
        [
          0.0,
          0.0,
          0.0,
          1.0
        ]
      ]
    },
    {
      "file_path": "train/0019.JPG",
      "sharpness": 36.76236113396815,
      "transform_matrix": [
        [
          0.8458893826638533,
          0.031215125055408032,
          0.5324441456847766,
          1.6378291715725983
        ],
        [
          0.525143347528179,
          0.12579272601588978,
          -0.841665405388868,
          -2.957935486330069
        ],
        [
          -0.09325029142091387,
          0.9915653312105965,
          0.09001431608807649,
          0.3447469494331973
        ],
        [
          0.0,
          0.0,
          0.0,
          1.0
        ]
      ]
    },
    {
      "file_path": "train/0020.JPG",
      "sharpness": 25.510643808076562,
      "transform_matrix": [
        [
          0.8736943338733846,
          0.053707074561970075,
          0.4835015626750223,
          1.3200961542778975
        ],
        [
          0.478962635604459,
          0.07902776467281443,
          -0.8742707853438011,
          -3.118656406623185
        ],
        [
          -0.08516457396983139,
          0.9954246142036163,
          0.04332242823051083,
          0.3466580989119026
        ],
        [
          0.0,
          0.0,
          0.0,
          1.0
        ]
      ]
    },
    {
      "file_path": "train/0021.JPG",
      "sharpness": 24.68492372274464,
      "transform_matrix": [
        [
          0.7789175940482921,
          0.006269503686118093,
          0.6270949489632336,
          1.8307133839348542
        ],
        [
          0.6242330979276933,
          0.08818962330632371,
          -0.7762445682854742,
          -2.8438593606248888
        ],
        [
          -0.06016993550856083,
          0.9960839742081047,
          0.0647788174973322,
          0.09450957601998214
        ],
        [
          0.0,
          0.0,
          0.0,
          1.0
        ]
      ]
    },
    {
      "file_path": "train/0022.JPG",
      "sharpness": 26.385753159702922,
      "transform_matrix": [
        [
          0.6575883141369321,
          0.029616626090320113,
          0.7527951013252042,
          2.611124019844879
        ],
        [
          0.7520938970718825,
          0.0324969740162295,
          -0.6582542948337179,
          -2.5966845677983867
        ],
        [
          -0.0439588341697476,
          0.9990329334653951,
          -0.0009048533765056471,
          -0.011036463655045813
        ],
        [
          0.0,
          0.0,
          0.0,
          1.0
        ]
      ]
    },
    {
      "file_path": "train/0023.JPG",
      "sharpness": 22.916332984459387,
      "transform_matrix": [
        [
          0.5366187762227101,
          0.021854520674256517,
          0.8435417410780512,
          3.160130892541602
        ],
        [
          0.84341381598525,
          0.017304869330911316,
          -0.5369857321220527,
          -2.2967916228848675
        ],
        [
          -0.02633294538896732,
          0.9996113852058731,
          -0.009146286875355762,
          -0.07473831245092431
        ],
        [
          0.0,
          0.0,
          0.0,
          1.0
        ]
      ]
    },
    {
      "file_path": "train/0024.JPG",
      "sharpness": 45.22334829424218,
      "transform_matrix": [
        [
          0.40657028096873954,
          -0.0029251282182885855,
          0.913614825989354,
          3.6560165078541766
        ],
        [
          0.9136121174130306,
          -0.002720728276365838,
          -0.4065777865965416,
          -1.6154569852845673
        ],
        [
          0.003674989847279123,
          0.9999920206042755,
          0.0015662653254535472,
          -0.11479076748739192
        ],
        [
          0.0,
          0.0,
          0.0,
          1.0
        ]
      ]
    },
    {
      "file_path": "train/0025.JPG",
      "sharpness": 41.5935154691682,
      "transform_matrix": [
        [
          0.3007754005689693,
          -0.008946793881440266,
          0.9536530361203021,
          3.8681824160145233
        ],
        [
          0.9534191654131962,
          -0.021227591918423157,
          -0.30090078824118655,
          -1.2710627528702443
        ],
        [
          0.022935854813683813,
          0.9997346369063405,
          0.002145307293188278,
          -0.13252949030943134
        ],
        [
          0.0,
          0.0,
          0.0,
          1.0
        ]
      ]
    },
    {
      "file_path": "train/0026.JPG",
      "sharpness": 29.548018172529556,
      "transform_matrix": [
        [
          0.13754609494069195,
          -0.013435067851002814,
          0.9904042461177436,
          4.005079092883291
        ],
        [
          0.9893094149012742,
          -0.04705271704626269,
          -0.1380323273957257,
          -0.8743667725191295
        ],
        [
          0.048455684438188706,
          0.9988020528513397,
          0.00681952162877171,
          -0.13608953473926844
        ],
        [
          0.0,
          0.0,
          0.0,
          1.0
        ]
      ]
    },
    {
      "file_path": "train/0027.JPG",
      "sharpness": 25.60186990007587,
      "transform_matrix": [
        [
          0.05742765114129555,
          0.004936668021697484,
          0.998337465090281,
          4.182593809889794
        ],
        [
          0.9972109142497999,
          -0.048032162736560934,
          -0.05712533451932273,
          -0.5029046416944079
        ],
        [
          0.047670298777071775,
          0.9988335900746126,
          -0.007681273516461908,
          -0.1497579935093981
        ],
        [
          0.0,
          0.0,
          0.0,
          1.0
        ]
      ]
    }
  ]
}